0,540
33,90
0,539
0,538
33,89
33,88
33,87
33,86
33,85
33,84
33,83
33,82
33,81
33,80
33,79
33,78
33,77
33,76
33,75
33,74
33,73
33,72
33,71
33,70
33,69
33,68
33,67
33,66
33,65
33,64
33,38
33,37
33,36
33,35
33,34
33,33
33,32
33,31
33,30
33,29
33,28
33,27
0,537
0,536
33,26
33,25
33,24
33,23
33,22
33,21
33,20
33,19
33,18
33,17
33,16
33,15
33,14
27,4
35,2
0,535
25,5
24,4
33,13
33,12
33,11
35,8
30,4
31,7
31,5
0,534
0,388
0,243
0,533
35,7
35,4
31,4
31,1
31,3
35,6
0,532
30,5
30,1
30,3
34,5
0,531
0,530
0,529
0,528
0,527
0,526
0,525
33,10
33,2
33,0
0,524
0,474
41,35
10,253
10,192
10,134
10,174
10,102
10,2
10,3
11,5
11,16
9,6
9,4
9,2
9,3
8,5
8,10
8,16
8,17
8,2
8,3
0,318
35,5
35,3
35,1
34,4
34,3
34,1
33,105
33,9
33,8
33,7
33,5
33,4
33,3
33,1
29,3
29,1
28,5
28,4
28,3
28,1
27,5
27,3
27,1
25,4
